12333:
  DateBegin: 2022-03-03T00:00:00.0000000
  DateEnd: 2022-03-10T00:00:00.0000000
  Description: 234324
  Sum: 0
WA123:
  DateBegin: 2022-04-01T00:00:00.0000000
  DateEnd: 2022-04-30T00:00:00.0000000
  Description: 456
  Sum: 1000
Пример:
  DateBegin: 2022-04-01T00:00:00.0000000
  DateEnd: 2022-04-30T00:00:00.0000000
  Description: 123
  Sum: 1000
Пример1:
  DateBegin: 2022-04-01T00:00:00.0000000
  DateEnd: 2022-04-30T00:00:00.0000000
  Description: Привет
  Sum: 10000
